$ANSIBLE_VAULT;1.1;AES256
32643961376234623036333233633132356662356631313261343735666333343066313763383731
3630346539313364373535343566643135336561356636380a343035626162633932303762666533
31313836326361636561316331643366323566633537373164333433373034383762363363643663
3436336638343635650a643934663266613430336430623134613662623830333330643765663339
39616239643438376631626238303736346433373263333765343363303833306133663731373237
34326638653865663765646332346537353465386632333636623133303737633165336365643530
30363930383731343666663063633562303132633339353935636238366633666339393235636432
33333639376533363264393331316332663231333036386366383138633139306664303630323363
30326339303535373830386661643231313666303063376132393831376261336531623362306263
63653561363134653737313739656562356232613239656165393338656133373835643432386464
39626638623161623038393735643031643533626134633834353532643762373565643933323961
63363330383564623663616639323039333063363936306537613233326239666239613239623466
64356266643664353561316333323131393233623635376364356564633535353331363933653066
37656361353130343832396633613565343332316463333231653132323364383861613336653139
37666464313862653737626366386534396237343737326363613536663064383436326666383137
65303633313062366564616333666334656231396436363666653762663463373535356464366336
63633930663134633332303163343530636330326635333964623265363535633865353664623166
38646632643335666433376366393335343561663830626432616636643837383762353561356562
64343566333933313065303439396335613436626161353063383130303965393332613365633736
61623861336235646139306230333131353539623335633139363836643033643832386134633335
34353633613034333230343735623936396630363436313438653732346263363139303233323764
37656138366439306666313336626165323634326166383561653237386261303431373330366133
34653139643633373833643731623965306566616331616335353365326664663366623231646338
38306437373531316236646466613562653166376434373838363634393531316665616661656165
35333766306336623762636361383961333237353935313037393036633338346235396630373764
65326565613833346131323238633561333136326164366561366435333030323266336262653232
32316565623233346561633062373037333261326665333138656465333262653231613538376537
63646663303863356536636538346334653263643464343763353738643937333637656462663163
30616231306665343436303739623539353565363537623839393135363132646636666333366637
63316537643463343766373631653764626433386666323532613362666365653061396231653666
34393162616162396331636239666133356532636138383362383432633461376434343261396663
36613639306365376362316664363935346562393962313237633234626331373633663733353830
62653065386561353863346636633961316635343032633435333437653765666233343761633336
37336535666532316138353666613762343865636566306262613232633331616435363630306164
34653231623734383931393865323464303435336161653233376462363761623362386262386366
61643032636236386635333566343363383261306231343432333764646430636433626633663231
35616534306636336137396537353865356630303239343334633630396662323737643433326136
36323139336531643832303435613838616133356262386436313931366431343630346237353839
33306230303165393033383034653838383836306130623936366532303832326563386138633263
63326330633736326338366238313732343334333030666366623366643336316239623565396633
39313735383064316631626131633533633465666531366136386531353430623337613836626536
30656363633662346164663363333831333438356565313963666334366431633535376662306238
61396166366631306439646236393537623931666561646137643437373534353030633239336639
61353462643739386533303333346135393333346339323966626538643164636461613936366637
63616634633065316437393165326131383662393766643365623733396630303735373735343832
63356438323836313461623631336466363636613461616235636438353033333035333163626337
31366530666138316162613239303538323531316437336462386537616133346234363537373035
38353263313837616534666165626163316464656631363461333536373639313565303165353832
64623532323238616637323931663934386239333633336263366565376364613764613563393265
35363937613861306231616564626531366134333633316532663566393532346532646432373966
63313035616363306531343437333934363738666138363737613265643832646565323532303039
63393939333263333838336637636435313363323035366531363433363232623331343437396631
62343437383266626136653830363931306666393837373232393230353866666630333538373131
63316530636361653934613662613537613737623437323431646138623465353832376563643064
30353236363363633762333465323066663433323334366434336638393664356239613131366630
66643934393930313230663963346438643034643733653931633330336530616266373462666234
31613935666164363434653832343965303939373663353431376133333335353639643132303838
34383239313238356638363931663062636531343037356134636538363532633565626663383765
33663931623563653733386262623365663163303634333432623631356264323165656431376263
66623264666465323834336437646532646262306164653962383130623066613962326331373563
31646238306366356337663639663933343432366132333266343938326134376162393763633536
61326136356266313462313166336434366562366336313233653364313166633764323762636633
62346137353666336337653162393565643431363532653433376163616531363464313839626434
66316235646265623762663032613765616261323938623063393733623638646139356439623330
35373361626163356436343261303561303861636431623133343965383164623836343638383838
39353434626636353138306664383764626463323539646633633464363262643262613762613665
64613164343834613031313461353664633666306338653835663534343762323964616331613165
38653430366165316266383333326338396536633662386430346231333066343065336630653461
36373734376338623033333930353436393438383264333738313161373835336261353534626538
36653232313630356637656264333361313732616235343261316235373464366630653739306466
64326634363065356136303137616264363034373638663836636630656134633333393839353463
39353662356162343238613637636165643837623536373764656262313165373339666137366436
64656631323433366234623630346661313731623830356435383935613034353630666537376638
37663839333339376636336434386166373236613139313037303865643532326636326237613034
61313732623439626437306261326439386566393864646164383661383939316364363134373238
33346138623036346430393734663337393132613061656163613762636263396336623336626431
31366664646136323836343135343662373339383735306632613330613566633639653061336330
64376365313965336131353635303062363630393462396639396634353565323232313665663866
64313933633431396636616433613265633462663331633535643139313635333935363434626434
33323861366161613263653937613830366262656664633835663334393533396430333633343630
35373662356135663464383937333930613830313166303536636339643838646132363935323136
36393738616438386565626661373537336162616364333937356537336233346330353466373230
39366331323163393239336464663562636333663432613232303732616239326130363365636164
62636665633738396133383862353665373561353438633337313766366635373761396132653436
62663339363032663831633432336336303337623136643362666566373962323334353637643064
35613163333762633664313863343239626530633465623030313963386335643431613834633039
34343031633763323664373836323463383931313939656439316463343963353731646133313930
30366437643662363432
